1.000000000000000000e+00 0.000000000000000000e+00 0.000000000000000000e+00 0.000000000000000000e+00 0.000000000000000000e+00 1.000000000000000000e+00 0.000000000000000000e+00 0.000000000000000000e+00 0.000000000000000000e+00 0.000000000000000000e+00 1.000000000000000000e+00 0.000000000000000000e+00
9.999998888813769193e-01 -4.231592158410976451e-04 2.077823665625054171e-04 4.315321760165461394e-03 4.231516280496068158e-04 9.999999098030077915e-01 3.656057996757208447e-05 4.973495090411315239e-02 -2.077978187675107028e-04 -3.647265245831986073e-05 9.999999777449057881e-01 2.988221281091684215e-04
9.999994645045142683e-01 -1.026712390910800412e-03 1.298166052748652138e-04 8.625335685011654638e-03 1.026708813484987362e-03 9.999994725529023354e-01 2.762117580707635741e-05 9.533458396901835219e-02 -1.298448958069261952e-04 -2.748787716328899761e-05 9.999999911923598273e-01 -6.952083180699305306e-04
9.999995803783833237e-01 -8.789099477510352960e-04 2.583802645377034860e-04 1.220733717892867089e-02 8.789381989566688548e-04 9.999996077663527716e-01 -1.092464328509968843e-04 1.440653553692291811e-01 -2.582841454156809165e-04 1.094734872931908248e-04 9.999999606524271334e-01 -3.657943636200572564e-04
9.999999131052837997e-01 -3.270569733443708625e-04 2.585017621828988366e-04 2.228129622910244786e-02 3.270951391270532057e-04 9.999999356094706471e-01 -1.476137682484389023e-04 1.961197888586343474e-01 -2.584534674255662572e-04 1.476983100914481867e-04 9.999999556935061928e-01 3.525221059899227003e-04
9.999998717468681075e-01 4.828664059693110462e-04 1.527948992084612325e-04 1.912595437865130185e-02 -4.828668988464739575e-04 9.999998834146877069e-01 3.188870205261569170e-06 2.361308871626139061e-01 -1.527933415965250996e-04 -3.262649395419327510e-06 9.999999883217748353e-01 3.170850070396342632e-03
9.999978432447116372e-01 2.069499440233177855e-03 1.751513403566180968e-04 1.869786318303440914e-02 -2.069494375952408809e-03 9.999978581711049808e-01 -2.909004292214527695e-05 2.989638915738377367e-01 -1.752111670399600569e-04 2.872750546823281946e-05 9.999999842378886061e-01 -8.523114215594311538e-06
9.999950164030321220e-01 3.122979852703218918e-03 4.627806598080449899e-04 9.541754199915706766e-03 -3.122905308516334046e-03 9.999951106435499559e-01 -1.617140324237294766e-04 3.657452847589369727e-01 -4.632834267735997389e-04 1.602680063269746203e-04 9.999998798413091139e-01 -1.486134188301752729e-03
9.999944079617553161e-01 3.328337406833556649e-03 3.259069265363167384e-04 2.128014241990793323e-02 -3.328280960501117745e-03 9.999944461912506632e-01 -1.735871589162914523e-04 4.417972723941404611e-01 -3.264828731459437400e-04 1.725014783917737393e-04 9.999999318260843761e-01 2.452657077538205905e-03
9.999949366256486449e-01 3.095689478102129060e-03 7.371768581018899773e-04 3.851395915542904502e-02 -3.095548761118102187e-03 9.999951903547994458e-01 -1.919508685491607379e-04 5.402290043973188016e-01 -7.377675328268327440e-04 1.896679297202339852e-04 9.999997098625298397e-01 4.520111650343902263e-03
9.999923802544053997e-01 3.489908345472586201e-03 1.749277813524529029e-03 6.363295119914719189e-02 -3.489015050821394660e-03 9.999937815488144643e-01 -5.134565971294591854e-04 6.665314836223475981e-01 -1.751058852189195728e-03 5.073494281013601719e-04 9.999983381933461590e-01 1.090845614336636259e-02
9.999846053466754370e-01 5.271693159004835379e-03 1.731566022701199782e-03 5.355491104191285184e-02 -5.270676750388962085e-03 9.999859352274453883e-01 -5.910278202241130673e-04 7.234942801556016878e-01 -1.734657385935584398e-03 5.818921967781008446e-04 9.999983261812115387e-01 1.676666183171306168e-02
9.999708784177038234e-01 6.976327147945144899e-03 3.094054952768515721e-03 7.042045045653745616e-02 -6.973394099236534735e-03 9.999752269476026578e-01 -9.577399580850968130e-04 8.119888775400239123e-01 -3.100659810853311112e-03 9.361360026317395088e-04 9.999947547653047497e-01 2.604993467720682909e-02
9.999526442951358618e-01 9.078002937896916327e-03 3.506997266179436110e-03 9.233162856641956295e-02 -9.073808392830602296e-03 9.999580999327193354e-01 -1.210115777851883271e-03 8.925682583425988970e-01 -3.517835757344564638e-03 1.178236650738763045e-03 9.999931182713105438e-01 2.894027309250397223e-02
9.999381941628590065e-01 1.065356621620449327e-02 3.179525310087098246e-03 8.094793251188761585e-02 -1.064869619854641285e-02 9.999421079101921128e-01 -1.544699774317818486e-03 9.578708654821352919e-01 -3.195797802052151478e-03 1.510746503772428815e-03 9.999937522411875834e-01 2.085426708193616890e-02
9.999117097223478856e-01 1.306016256175776720e-02 2.450492601829115918e-03 8.629775175818490962e-02 -1.305767012258608577e-02 9.999142141093446678e-01 -1.030375204131195712e-03 1.021509699175351837e+00 -2.463739251804281365e-03 9.982865079858147927e-04 9.999964667002314567e-01 3.228016459148660977e-02
9.999092961316886630e-01 1.327482730924406558e-02 2.275625043959820463e-03 7.940403552502037221e-02 -1.327405464385352819e-02 9.999118330827593271e-01 -3.543083234610685953e-04 1.144870733604168134e+00 -2.280127790923072110e-03 3.240694151431114736e-04 9.999973479946190347e-01 4.623816586846302146e-02
9.999073364569676103e-01 1.342166912273993346e-02 2.275367551017289883e-03 8.317030388505122773e-02 -1.342204494719737018e-02 9.999099090494274478e-01 1.499806689579232866e-04 1.264837870057582414e+00 -2.273149570078156472e-03 -1.805068567588997291e-04 9.999974001007736479e-01 5.755992990585474117e-02
9.999011884703178366e-01 1.388161067194094121e-02 2.216795163883703620e-03 9.191422492635373254e-02 -1.388172539328592046e-02 9.999036435463031225e-01 3.637214728014560904e-05 1.354698132847933723e+00 -2.216076657375293506e-03 -6.714149501083287424e-05 9.999975422451138352e-01 5.729017588725436594e-02
9.998703781860860396e-01 1.585348128160918649e-02 2.809618704900465093e-03 9.234989806658655542e-02 -1.585274287708643079e-02 9.998742967898270884e-01 -2.848900169560411632e-04 1.438025585307869614e+00 -2.813782025361027429e-03 2.403129260838376665e-04 9.999960124322553323e-01 5.734040685367058215e-02
9.998515818879147865e-01 1.692993658322427750e-02 3.192404034964980378e-03 9.468661194405886272e-02 -1.692890503641327274e-02 9.998566346047675912e-01 -3.498729717267518393e-04 1.499415768256677772e+00 -3.197869681922284584e-03 2.957771394950338482e-04 9.999948430593935678e-01 5.891124080597632401e-02
9.998410203984656741e-01 1.728595658091029025e-02 4.373743663948925602e-03 9.188526677223160521e-02 -1.728248965293231743e-02 9.998503027614111804e-01 -8.292281415313964080e-04 1.591358485910951304e+00 -4.387422928250317954e-03 7.535071315550991109e-04 9.999900913244347267e-01 5.960584171946876203e-02
9.998147169330849904e-01 1.881360721266824715e-02 4.071853099323599970e-03 8.216981752408589190e-02 -1.881151365970196165e-02 9.998228955271749596e-01 -5.518455279004176334e-04 1.690605571017600894e+00 -4.081514160931009466e-03 4.751455600703192832e-04 9.999915577037892245e-01 6.289075171794041019e-02
9.998186580234147414e-01 1.861042105808753330e-02 4.037734054978889785e-03 9.952807843318935144e-02 -1.860915787800469443e-02 9.998267733007825120e-01 -3.501914006304455073e-04 1.789812430886458916e+00 -4.043551821052882196e-03 2.749890657311737652e-04 9.999917870011154619e-01 6.781592414105439004e-02
9.998285071256401979e-01 1.757116130392544912e-02 5.848985326109365328e-03 1.274185510462950699e-01 -1.757325082447274561e-02 9.998455316673729998e-01 3.060396189587656721e-04 1.924845270182317991e+00 -5.842704371588365760e-03 -4.087728215492228119e-04 9.999828477081027511e-01 8.716467475351956373e-02
9.995819144418573998e-01 1.798248187775423890e-02 2.264126026235014841e-02 1.069050609078858877e-01 -1.806158095086832921e-02 9.998314504549263848e-01 3.293929986093498217e-03 2.025219474682866228e+00 -2.257821105195151681e-02 -3.701489796594895163e-03 9.997382274170469874e-01 3.534209559108737742e-02
9.994699099721829905e-01 2.048594951051383936e-02 2.530266651657614788e-02 1.190587094474755830e-01 -2.050869592143757594e-02 9.997894698820619652e-01 6.397691361173339772e-04 2.127839013305320659e+00 -2.528423326498938431e-02 -1.158354694468173400e-03 9.996796315633340591e-01 4.164109050911869725e-02
9.993834258146079286e-01 2.412481562636806243e-02 2.551002701001524667e-02 1.626040019172221296e-01 -2.410541991471095574e-02 9.997088520928809618e-01 -1.067603798091305801e-03 2.224964506257840924e+00 -2.552835556383169571e-02 4.520156280371403611e-04 9.996739962328111684e-01 2.948319633648656402e-02
9.994401914605196557e-01 2.398754005158501221e-02 2.332169838655530694e-02 1.457233728746363532e-01 -2.401107129359868544e-02 9.997114265481524820e-01 7.294411501893502663e-04 2.301098087126411507e+00 -2.329747086474351012e-02 -1.289011765451810723e-03 9.997277460888913669e-01 2.717987081598315091e-02
9.996816284812370945e-01 2.462215383819230455e-02 5.512823003703913941e-03 1.567256047300961963e-01 -2.462733947920170072e-02 9.996963183777809459e-01 8.747411540666026348e-04 2.435044231009279248e+00 -5.489610849407116494e-03 -1.010228824997826732e-03 9.999844216838796873e-01 4.339856715072923365e-02
9.996658361728252284e-01 2.566332571452022149e-02 3.099951960367675237e-03 1.471896249721752203e-01 -2.567299935181900639e-02 9.996655186646535851e-01 3.122162265249120352e-03 2.575592604852007472e+00 -3.018790017149789763e-03 -3.200704016226693562e-03 9.999903211534764136e-01 3.474049092869880423e-02
9.996594677216046332e-01 2.598668287001291294e-02 2.375059572208188929e-03 1.383741157957638634e-01 -2.599567840742846719e-02 9.996546855598122949e-01 3.838533893344706679e-03 2.709940758280040551e+00 -2.274488666869454914e-03 -3.898968033489917055e-03 9.999898123228946334e-01 5.128403262909725369e-02
9.996457571915239315e-01 2.647527512162444613e-02 2.723955986994544814e-03 1.552459874731347278e-01 -2.648960270352649499e-02 9.996346891580198957e-01 5.365555009350855310e-03 2.815389490557881125e+00 -2.580906351286645171e-03 -5.435810811952687498e-03 9.999818952777207448e-01 7.238997826855231299e-02
9.996219866446942603e-01 2.727380418756237060e-02 3.467480591616049768e-03 1.608640590181609209e-01 -2.729253567921305010e-02 9.996124978290684693e-01 5.474639726006978388e-03 2.954674419017033316e+00 -3.316822683474570863e-03 -5.567206576838720777e-03 9.999790022286554336e-01 7.989975167688280477e-02
9.995869640698491487e-01 2.850492418819965124e-02 3.656577449905943494e-03 1.818965904664113509e-01 -2.852794160863882100e-02 9.995724738610075599e-01 6.405157840320772032e-03 3.105920102112365022e+00 -3.472435628815061931e-03 -6.506826907972814399e-03 9.999728013273128102e-01 7.846889185626525209e-02
9.996112724392772764e-01 2.779222158849741636e-02 2.212788174397753004e-03 1.793223891842710971e-01 -2.781156501854681329e-02 9.995703660745209884e-01 9.252033120736779734e-03 3.253261683407177696e+00 -1.954702930892498938e-03 -9.309977702654565271e-03 9.999547507020645210e-01 7.174447253321265816e-02
9.996356311679489570e-01 2.685463946318736306e-02 -2.726396662014695955e-03 2.039793520708156616e-01 -2.681335837741256195e-02 9.995397228716803584e-01 1.419106106423399620e-02 3.388710951451606057e+00 3.106237592468523868e-03 -1.411278643311087398e-02 9.998955848222915721e-01 4.892714437852216380e-02
9.996297356466489203e-01 2.705802498495567948e-02 -2.873133293880058246e-03 1.829013802361987295e-01 -2.701491452855555447e-02 9.995354292879784497e-01 1.411098831094110238e-02 3.532722594424062112e+00 3.253613994579849719e-03 -1.402814606461568782e-02 9.998963071808816272e-01 4.164693617365369804e-02
9.996102127183059682e-01 2.780240088686059680e-02 -2.539514557827635306e-03 1.862527607357804815e-01 -2.776417639063565035e-02 9.995162200863950686e-01 1.401700016247283201e-02 3.619654626378635776e+00 2.927992249442510839e-03 -1.394102898395188292e-02 9.998985321382644065e-01 4.453170216484579613e-02
9.996083927531181912e-01 2.793469365924809017e-02 -1.647430633385355307e-03 1.984165216977246127e-01 -2.791100680365952991e-02 9.995261605985990006e-01 1.297805756767229229e-02 3.742813237581665842e+00 2.009188078285194159e-03 -1.292699381866136560e-02 9.999144243354419759e-01 4.801911707751237851e-02
9.996050251023321787e-01 2.802764199675996173e-02 -2.060357800780449403e-03 1.971799582408954865e-01 -2.799943978564716981e-02 9.995280725765793850e-01 1.263580242952932337e-02 3.854382391878309555e+00 2.413537208268839995e-03 -1.257312274057792792e-02 9.999180423528193362e-01 4.054441241537048990e-02
9.995852675571416102e-01 2.791223213101807349e-02 -7.085208548930709005e-03 1.764329477417624081e-01 -2.783407876966136063e-02 9.995531344630538273e-01 1.089933227902387808e-02 3.987772825912336838e+00 7.386267106053327758e-03 -1.069760171947185812e-02 9.999154986176029825e-01 5.439165900225235994e-02
9.995660293869280677e-01 2.810152104571819395e-02 -8.835010501857787010e-03 1.817387634758305670e-01 -2.803329192177674359e-02 9.995769165764607500e-01 7.753863006509921670e-03 4.116740817369658245e+00 9.049167899830708531e-03 -7.502823629296768819e-03 9.999309077120820399e-01 7.111918749845499987e-02
9.995759854553840640e-01 2.846290191137471406e-02 -6.141051675503883533e-03 1.986045368972473302e-01 -2.843679339657458408e-02 9.995863536181397446e-01 4.297725178719779930e-03 4.214251511109409876e+00 6.260837181901441825e-03 -4.121271063001248451e-03 9.999719081267268717e-01 7.093217752073346927e-02
9.995913865622193528e-01 2.858285948847949509e-02 -2.829383000931875438e-04 2.012394820275074658e-01 -2.858365019915284910e-02 9.995857455747899634e-01 -3.363359181495086114e-03 4.356057882340061305e+00 1.866866687563511129e-04 3.370072277135250510e-03 9.999943038642442605e-01 8.333268671558924368e-02
9.995680118546724779e-01 2.928258282734089515e-02 2.513964967373198515e-03 2.313371861417408692e-01 -2.926072283000651433e-02 9.995370909269912785e-01 -8.331504106295194861e-03 4.492522747834885699e+00 -2.756769189249495475e-03 8.254344563173875854e-03 9.999621322927532141e-01 7.452174792915053358e-02
9.995365979981978288e-01 3.022054767641268666e-02 3.647980307881180072e-03 2.400880033890573917e-01 -3.018389507902240546e-02 9.994971410112452048e-01 -9.715842125391288206e-03 4.615038408197387199e+00 -3.939763958359447996e-03 9.601229529837761525e-03 9.999461458756004895e-01 6.531790324858507968e-02
9.995671725853207956e-01 2.911551831548747984e-02 4.213559422637475765e-03 2.445901936651096453e-01 -2.907725377923122898e-02 9.995377740106182740e-01 -8.874211996361106372e-03 4.741327595545366869e+00 -4.469989087880099632e-03 8.747852257479505136e-03 9.999517459749922565e-01 7.789066921133142030e-02
9.995503446721787366e-01 2.962914103201099922e-02 4.606784934614101441e-03 2.500570663898141199e-01 -2.959123700806701521e-02 9.995293514277253655e-01 -8.089148706952700371e-03 4.880034846484913480e+00 -4.844291285729059905e-03 7.949190913293721975e-03 9.999566706641658254e-01 8.799383971830397611e-02
9.994960284829345065e-01 3.128569338294420049e-02 5.375354536160486391e-03 2.403532534509714158e-01 -3.122682772109101543e-02 9.994549785512799600e-01 -1.070659047212383849e-02 5.012117356201306606e+00 -5.707387959331422858e-03 1.053333938544053286e-02 9.999282346669048360e-01 8.870821805729214860e-02
9.994557154067675864e-01 3.265864372382135811e-02 4.656815528542719920e-03 2.500382576220425146e-01 -3.257737306629664847e-02 9.993317950353383106e-01 -1.657341834226776570e-02 5.123582464390850966e+00 -5.194969186213002285e-03 1.641269086923261358e-02 9.998518069562035704e-01 8.238097707583696971e-02
9.994787855139990462e-01 3.194894222790443938e-02 4.628433642126941402e-03 2.521149765010873289e-01 -3.183473607805811789e-02 9.992297822013471720e-01 -2.294323300427898379e-02 5.239678611819219789e+00 -5.357880765930951236e-03 2.278392969542953825e-02 9.997260553078186618e-01 8.911103475366025095e-02
9.994661869460642611e-01 3.217645363949987042e-02 5.658355121422291821e-03 2.628848732483752837e-01 -3.201188354199158842e-02 9.991200165159662694e-01 -2.710040422630531631e-02 5.392330383998065635e+00 -6.525370762568062470e-03 2.690480307157617351e-02 9.996167020954035420e-01 1.099721513084545577e-01
9.993785474620273668e-01 3.399691677493193315e-02 9.312814960406014253e-03 2.799636682889939387e-01 -3.369514816453648282e-02 9.989561731003983036e-01 -3.084155013576567531e-02 5.564524619072699352e+00 -1.035161160681484505e-02 3.050858689623900041e-02 9.994809003991703689e-01 1.032274858188274858e-01
9.992865939471964332e-01 3.605993050765856495e-02 1.122428479653955063e-02 2.847713754341838488e-01 -3.562857541581732762e-02 9.986978981829638391e-01 -3.651181697436741563e-02 5.683010899548273542e+00 -1.252628321771508471e-02 3.608586394577691786e-02 9.992701850110592421e-01 9.152559574557339594e-02
9.992226259299444857e-01 3.801282829426264748e-02 1.044838335519456679e-02 2.656231547303017360e-01 -3.753771008788214097e-02 9.983942779815401236e-01 -4.242388495974165619e-02 5.811116774900813020e+00 -1.204425801053403064e-02 4.199869734634859020e-02 9.990450666862759066e-01 8.748269021944361790e-02
9.992080191516479193e-01 3.957467790637513722e-02 4.144795730388454308e-03 2.595261317953069802e-01 -3.933835216591308886e-02 9.981334753445146868e-01 -4.671251915227647711e-02 5.967750093594759164e+00 -5.985692266612455126e-03 4.651247429763180619e-02 9.988997753642762101e-01 8.591550850454797439e-02
9.991761054286294463e-01 4.058415133726800406e-02 1.923556865978065609e-04 2.714542640261999873e-01 -4.052839829834707641e-02 9.980304206595819183e-01 -4.788244322743350628e-02 6.137787167476808747e+00 -2.135245149151776024e-03 4.783519727451308184e-02 9.988529594639350417e-01 1.055732229513910853e-01
9.990401329053916202e-01 4.375291505196207686e-02 -2.120204903612064179e-03 2.742028803307823837e-01 -4.380425506907387190e-02 9.978591632097459918e-01 -4.856210082141204643e-02 6.299854987030444775e+00 -9.067581032523716264e-06 4.860836165518504781e-02 9.988179148848791433e-01 1.063434059984118690e-01
9.987453948633785439e-01 4.994866643065973277e-02 -3.573088438967928285e-03 2.907446131281484769e-01 -5.006410061170461778e-02 9.975321234467456888e-01 -4.922650222966821337e-02 6.466795146249625148e+00 1.105472358368870742e-03 4.934362586621596908e-02 9.987812495823296111e-01 1.171646070844887949e-01
9.984122933737787919e-01 5.612631936124563153e-02 -4.767464218102411902e-03 2.995855612714278804e-01 -5.629394480589666044e-02 9.971820443242415122e-01 -4.958792449293525362e-02 6.621344208000892628e+00 1.970842028698216973e-03 4.977757278419521481e-02 9.987583837091992267e-01 1.262026396419169694e-01
9.981058473432738998e-01 6.138523185664054860e-02 -4.070725865459509478e-03 3.326646418880940259e-01 -6.151127019813312780e-02 9.968945196089525895e-01 -4.916991368965226844e-02 6.779330708573745312e+00 1.039777753896686807e-03 4.932717388561882327e-02 9.987821327890684664e-01 1.515490302958251434e-01
9.976874389868088944e-01 6.793892854414983196e-02 -2.018929472596385239e-03 3.614664701151212300e-01 -6.795792964119275192e-02 9.965518096619557786e-01 -4.760473147034500335e-02 6.974593578522463311e+00 -1.222246630231424522e-03 4.763184489135249139e-02 9.988642117252078956e-01 1.761776015175700039e-01
9.969990348632027377e-01 7.740936535729284196e-02 -8.453619481680178273e-04 4.216659604975720455e-01 -7.736319353995863013e-02 9.958900531273334744e-01 -4.709499301768606955e-02 7.130612040194022505e+00 -2.803705965532342099e-03 4.701906248552972095e-02 9.988900575117567460e-01 1.880001809260143097e-01
9.961445273783996468e-01 8.772705480128833999e-02 -2.107841465994572845e-04 4.350750129820970535e-01 -8.764141517554976946e-02 9.950600430389450191e-01 -4.663146033912827365e-02 7.283568798237906705e+00 -3.881097794647625932e-03 4.647014744139007364e-02 9.989121395181279617e-01 2.118630208070955423e-01
9.952931544470436931e-01 9.690981304204245028e-02 1.576293427554367223e-04 4.739065451309734667e-01 -9.679414451923175344e-02 9.941820645651581190e-01 -4.725374147884908727e-02 7.448688475341102233e+00 -4.736063517668920309e-03 4.701606781852567252e-02 9.988829055846537575e-01 2.188693315978684772e-01
9.943395696980571463e-01 1.062376600954388350e-01 1.542630911324310416e-03 5.012709424847801021e-01 -1.060467678581961948e-01 9.932387388699088770e-01 -4.723230499290553830e-02 7.620945326860080193e+00 -6.550050344265893540e-03 4.680135880034899665e-02 9.988827406932850872e-01 2.306030134244184682e-01
9.930941832805428859e-01 1.172895360165065043e-01 2.666059898840121394e-03 5.477036238658963274e-01 -1.170406793934939266e-01 9.920420652690399299e-01 -4.641142212696355851e-02 7.812015186283458590e+00 -8.088417735314101797e-03 4.577887589020139536e-02 9.989188515694198411e-01 2.560450065855756629e-01
9.916520221547135971e-01 1.286520588558232592e-01 8.655328337225536017e-03 5.403428338405783515e-01 -1.281887294564009738e-01 9.908778773648533322e-01 -4.157741922337490625e-02 7.954755538382153546e+00 -1.392539395568476862e-02 4.012081630625706496e-02 9.990977947639052559e-01 2.612407609249257079e-01
9.901156778692783433e-01 1.394707964787118837e-01 1.479328790543451080e-02 5.995926769913345611e-01 -1.387878269410521559e-01 9.895128640341805948e-01 -4.002787783350204853e-02 8.152521733235284174e+00 -2.022086868657981332e-02 3.757910111307793954e-02 9.990890488985919582e-01 2.477851554169538395e-01
9.883868496892896927e-01 1.511473155840042937e-01 1.568197541863909639e-02 6.252827149760188385e-01 -1.504540817974623912e-01 9.878618792452716901e-01 -3.863258733870686412e-02 8.338720921227615435e+00 -2.133083757764511063e-02 3.582452408266910415e-02 9.991304213377182331e-01 2.642644523184021765e-01
9.864102035384927358e-01 1.636696075097160974e-01 1.439339893023409110e-02 6.836964618109605540e-01 -1.630582592831356648e-01 9.859394295016061793e-01 -3.654374684677359070e-02 8.530367650567544757e+00 -2.017212023320988368e-02 3.370016219045337408e-02 9.992283946293930574e-01 2.621637439662992120e-01
9.841991987831849586e-01 1.766035121887204185e-01 1.277249377158835852e-02 7.119901717817610498e-01 -1.760906547062577043e-01 9.837909495021489592e-01 -3.387401663195031831e-02 8.739512265678390790e+00 -1.854773408420275216e-02 3.108966323826319045e-02 9.993444923549001935e-01 2.595304568202562723e-01
9.816216288396181211e-01 1.904948275272465019e-01 1.143234357512396167e-02 7.639780205417413539e-01 -1.900568664432830124e-01 9.812633017213248099e-01 -3.163416211509807729e-02 8.936712730965163942e+00 -1.724428345902327686e-02 2.887998234640805351e-02 9.994341305497106420e-01 2.607551739949333647e-01
9.785102766664861562e-01 2.059361343904185238e-01 1.038975506968995398e-02 8.289407286704406630e-01 -2.055736020667380259e-01 9.782262070595650894e-01 -2.851283842698458873e-02 9.140910647523776689e+00 -1.603535442025248031e-02 2.576424604346818845e-02 9.995394294546006142e-01 2.673447888616422574e-01
9.748013115937786965e-01 2.228650285337864245e-01 9.673777529138411629e-03 8.721159977972412491e-01 -2.225337701080926101e-01 9.745406054361380743e-01 -2.737388386115560679e-02 9.345254167955131308e+00 -1.552817041789805383e-02 2.453135570652413555e-02 9.995784554054137905e-01 2.686535386409328874e-01
9.707470089372481903e-01 2.400019047809275052e-01 7.023556144342505206e-03 9.268152320915480358e-01 -2.397707449324902595e-01 9.705243500251918842e-01 -2.434082748588253103e-02 9.551161168246476763e+00 -1.265837722240921275e-02 2.194474218817385469e-02 9.996790453822615996e-01 2.886794223973634388e-01
9.657318716508185297e-01 2.595288552897588308e-01 2.593327938056012513e-03 1.012004843648588004e+00 -2.594540439014490496e-01 9.656169333345432371e-01 -1.635656323245312377e-02 9.761504425460115542e+00 -6.749161502869556808e-03 1.512320500356068020e-02 9.998628593409339960e-01 2.674302856764699809e-01
9.602808735013567132e-01 2.790331990240700888e-01 -1.057274734886116561e-03 1.097460668597950217e+00 -2.790332220979140354e-01 9.602528924735530547e-01 -7.405637165782647663e-03 9.973088851382133413e+00 -1.051167506866277019e-03 7.406506502309864043e-03 9.999720189626826183e-01 2.895778322126423276e-01
9.545400836356389140e-01 2.980718023274396833e-01 2.535624210954918675e-03 1.200599939817215578e+00 -2.980574828604886095e-01 9.545355578673559993e-01 -4.858567456051082582e-03 1.018775554942381767e+01 -3.868545429100416801e-03 3.881935616051058243e-03 9.999849823533030202e-01 3.617954216241225929e-01
9.480026065235864774e-01 3.175833044849944997e-01 2.078226977202636550e-02 1.324584082884261438e+00 -3.175452634513581396e-01 9.482288940472850536e-01 -5.193279644904513770e-03 1.041349672907007218e+01 -2.135564759246431910e-02 -1.676068690099942211e-03 9.997705372282444936e-01 3.599180137292127823e-01
9.393030569097016169e-01 3.414431711525859336e-01 3.356081276363474808e-02 1.449445804442451191e+00 -3.413669089485085184e-01 9.398947503835244355e-01 -8.154242848537905652e-03 1.063276210715208414e+01 -3.432784227169775881e-02 -3.797245680505918850e-03 9.994034121265602533e-01 3.208955070627938500e-01
9.285914189749694403e-01 3.693463343489121198e-01 3.607300804028458485e-02 1.566142084674000623e+00 -3.691608916808405971e-01 9.292890937711499877e-01 -1.191705716196174956e-02 1.081142042020384508e+01 -3.792377433035248879e-02 -2.250666793729705351e-03 9.992781003502099191e-01 3.089522506549703951e-01
9.176999826717486819e-01 3.960768638914655138e-01 3.081979386974775109e-02 1.665968044261185277e+00 -3.957939989814996395e-01 9.182159363469031277e-01 -1.505339193712039447e-02 1.101469087183038198e+01 -3.426152615551269348e-02 1.616208056353454076e-03 9.994115947381307929e-01 2.841669238058609492e-01
9.056052184885359235e-01 4.236569348981914507e-01 1.984917527255609243e-02 1.778659899208078432e+00 -4.234117596484517909e-01 9.058054368614536500e-01 -1.545937720714320521e-02 1.122826250311651108e+01 -2.452896324211049223e-02 5.595718443648101288e-03 9.996834588495333573e-01 3.221378586465789562e-01
8.900900188003011415e-01 4.555301651330531110e-01 1.523243532508373847e-02 1.920781728109600461e+00 -4.553133312257876542e-01 8.901923117643700811e-01 -1.572954175056444706e-02 1.146576539566312647e+01 -2.072507756693942396e-02 7.065177241934793122e-03 9.997602484747952767e-01 3.247953017254850416e-01
8.722776182809199863e-01 4.888170788419565760e-01 1.377026065773840312e-02 2.084404662710963141e+00 -4.885778013713325540e-01 8.723443200334460856e-01 -1.752481990034093773e-02 1.168360950990864389e+01 -2.057883994107416459e-02 8.558664487003472821e-03 9.997515994530233874e-01 3.414731145333146367e-01
8.531706739838311737e-01 5.214537748242465964e-01 1.362944516549709738e-02 2.242960141747868619e+00 -5.211784569369822817e-01 8.532272381898984293e-01 -1.939835136357039719e-02 1.186087201813549719e+01 -2.174435740051860327e-02 9.446731306771538605e-03 9.997189315947038191e-01 3.396997897033209313e-01
8.308578574793481497e-01 5.563861243180994176e-01 1.047384032299637606e-02 2.435882778781501390e+00 -5.560840412092522556e-01 8.308266697014405899e-01 -2.230659151910162341e-02 1.207260972400042753e+01 -2.111302387659967639e-02 1.270927138343552754e-02 9.996963112084030767e-01 3.151075826338908259e-01
8.039816737391949353e-01 5.946540484001111571e-01 1.761047444551232591e-04 2.623267222067579674e+00 -5.944883302163909145e-01 8.037645412734103489e-01 -2.337065313746330628e-02 1.228470251712958117e+01 -1.403900025109035624e-02 1.868488461036160383e-02 9.997268534750116675e-01 2.813795900001012651e-01
7.763355684033641513e-01 6.302957345231450237e-01 -5.511104585700890741e-03 2.821343291850876511e+00 -6.302544203353488417e-01 7.760993830614107969e-01 -2.119229245388432742e-02 1.246485899382822105e+01 -9.080246669500954826e-03 1.992572843402501404e-02 9.997602284882083357e-01 3.334320474476881735e-01
7.480986066633981135e-01 6.635869373111821234e-01 -9.226799270249941287e-04 3.066089403400208191e+00 -6.634663154862753265e-01 7.479345963639867367e-01 -2.015658147867556427e-02 1.268300186292092668e+01 -1.268553993130502183e-02 1.569127757085086311e-02 9.997964097179213860e-01 3.746696985980997319e-01
7.172709990349823705e-01 6.967457755027433031e-01 8.224248442209654286e-03 3.341439807166449061e+00 -6.964319251288246804e-01 7.172286384745670818e-01 -2.378347773724234782e-02 1.289870945838913130e+01 -2.246970415286976205e-02 1.133156966177227380e-02 9.996833038139043559e-01 3.839437025082846899e-01
6.831613691918558828e-01 7.301258455672737790e-01 1.438030870956951215e-02 3.630139541558581318e+00 -7.295096498151251163e-01 6.832169832405984300e-01 -3.209711261514810315e-02 1.307093163344907438e+01 -3.325980262302359602e-02 1.143693343031832420e-02 9.993812996465303300e-01 3.701804858244345797e-01
6.456619049515397446e-01 7.634160682766164552e-01 1.779357163195205427e-02 3.939283386762437722e+00 -7.624783169145130657e-01 6.457942643032080765e-01 -3.970622656825574526e-02 1.324154887067224173e+01 -4.180335787422123639e-02 1.206958533466882463e-02 9.990529537418368911e-01 3.428200073809801740e-01
6.043763175278913380e-01 7.964609259984708478e-01 1.947460318167689580e-02 4.229726196162686414e+00 -7.955789628782722334e-01 6.046420288825455902e-01 -3.823781811677387510e-02 1.342193679285692376e+01 -4.223009160489842040e-02 7.616447101972675243e-03 9.990788803175576493e-01 3.407893369192063759e-01
5.625938297672394839e-01 8.265349702682658339e-01 1.811423836288044570e-02 4.544599642439199449e+00 -8.260197164519131885e-01 5.628834406409808366e-01 -2.921746540808205575e-02 1.360556834766506995e+01 -3.434546171667218067e-02 1.474847723775846164e-03 9.994089323613534193e-01 3.059848666088438307e-01
5.187279926953251019e-01 8.547667051846291608e-01 1.717990983946159761e-02 4.880770866724392754e+00 -8.543953267473270996e-01 5.190099917489503500e-01 -2.524389227283874854e-02 1.376248005422456799e+01 -3.049418348811677032e-02 -1.583721114269739244e-03 9.995336895777077180e-01 3.259045726469456672e-01
4.720180206580857352e-01 8.813960298951249994e-01 1.843981179771734397e-02 5.265666990738516517e+00 -8.810598343543808442e-01 4.723560850388690557e-01 -2.476483826282979001e-02 1.393241438713578439e+01 -3.053778743547637398e-02 -4.557127589284249228e-03 9.995232244058567250e-01 3.468707993733808337e-01
4.249584254964355878e-01 9.049045158627891938e-01 2.362527821469374845e-02 5.627219316905103241e+00 -9.046527863131795799e-01 4.254687840500189777e-01 -2.407592188887129961e-02 1.404760530925055484e+01 -3.183822883564856043e-02 -1.114140790607684103e-02 9.994309361904299971e-01 3.797133936257050535e-01
3.812361632477521134e-01 9.238467273112955791e-01 3.414985019501623476e-02 6.017801336588426864e+00 -9.234694605369215825e-01 3.822852038278760078e-01 -3.259107837930832335e-02 1.412526391573321582e+01 -4.316414354276312815e-02 -1.911144605957405818e-02 9.988851832626869376e-01 3.649518182880253647e-01
3.405601932863324688e-01 9.393904945160663766e-01 3.955064552743067785e-02 6.427054289331866954e+00 -9.389875208838193155e-01 3.419672432935338957e-01 -3.688956679984409931e-02 1.420597220628799029e+01 -4.817873362008420757e-02 -2.457444459355286048e-02 9.985363820611061758e-01 3.448320254262669526e-01
3.033882606267452875e-01 9.518787531798696966e-01 4.338666337268849010e-02 6.838009375291206560e+00 -9.515493079921345521e-01 3.050482564435555988e-01 -3.872306419224819107e-02 1.428161593619973502e+01 -5.009468807736337098e-02 -2.953642641694541673e-02 9.983076288103522877e-01 3.284341337366735170e-01
2.679147087297444330e-01 9.623383469265375245e-01 4.611523480321576274e-02 7.263766956753823223e+00 -9.621875367934701329e-01 2.697014155470870422e-01 -3.816137433599978146e-02 1.434592966946979509e+01 -4.916149799966440526e-02 -3.414751069400252803e-02 9.982069397814422596e-01 3.057008415572904925e-01
2.361876449660498256e-01 9.705896128282903712e-01 4.659613541079109245e-02 7.690352857538150566e+00 -9.706234519442594744e-01 2.379171760301718175e-01 -3.585431474227524645e-02 1.443791277798066019e+01 -4.588584641478350712e-02 -3.675895563883468248e-02 9.982701379281767595e-01 2.975220540599018415e-01
2.083692215581961493e-01 9.769655450968287580e-01 4.604987731674708984e-02 8.129712272399826745e+00 -9.770087759729594312e-01 2.100887396769556270e-01 -3.628461289262704254e-02 1.448884972225970991e+01 -4.512337730102662647e-02 -3.743053772796284956e-02 9.982799385274376824e-01 2.734334555785916110e-01
1.857023671257916897e-01 9.815756670888742264e-01 4.498711618796322198e-02 8.554525238017074429e+00 -9.815602941269083725e-01 1.874219062679970405e-01 -3.758215060859559919e-02 1.451415035799942110e+01 -4.532129562771469722e-02 -3.717847266768437020e-02 9.982803921407670256e-01 2.354484183466212244e-01
1.637664427087864860e-01 9.854884401090923118e-01 4.464399908003259532e-02 9.031279030981048450e+00 -9.854089144595993277e-01 1.655448760888227344e-01 -3.954952976067583476e-02 1.456510366703323989e+01 -4.636618968671006591e-02 -3.751570887087909284e-02 9.982197894461176668e-01 2.149782956488789643e-01
1.421615736653529805e-01 9.887543967426005720e-01 4.642014535917123735e-02 9.514299569515577204e+00 -9.886952410191999219e-01 1.440986177358836162e-01 -4.144042413626867344e-02 1.461808870563512031e+01 -4.766348034896920188e-02 -4.000414089546047020e-02 9.980620528565543603e-01 2.224434982892739554e-01
1.247700362074122271e-01 9.910117730574372619e-01 4.825042721423055542e-02 1.000406227257608194e+01 -9.911340498656096010e-01 1.267287592667478702e-01 -3.991386690996400616e-02 1.466380245214629419e+01 -4.566982879097195719e-02 -4.284258671305209848e-02 9.980374639771484313e-01 2.038461367287294490e-01
1.093275127779771427e-01 9.927830973479058185e-01 4.928708319712139102e-02 1.051412088152355118e+01 -9.930406340668979093e-01 1.112715318944379472e-01 -3.858685374423173609e-02 1.470052137820773019e+01 -4.379262542706133937e-02 -4.472547160359292839e-02 9.980389963062772374e-01 1.767870207477998390e-01
9.343177640350885937e-02 9.944456443642589738e-01 4.845991707626901013e-02 1.101502261928251514e+01 -9.947057344528992262e-01 9.532668360393847795e-02 -3.838391902337703193e-02 1.471970912479873839e+01 -4.279024426903030309e-02 -4.461707966719419965e-02 9.980873264386077581e-01 1.510954660402016869e-01
8.032550900746104894e-02 9.955712336270607921e-01 4.884394923616638962e-02 1.150769978824313178e+01 -9.958408315264941635e-01 8.226817314940648718e-02 -3.915336449502996446e-02 1.472424452175485854e+01 -4.299826586402870354e-02 -4.549578508996384579e-02 9.980387180223692090e-01 1.317527589768861529e-01
6.973356511962425230e-02 9.963439642800556717e-01 4.935518957931071121e-02 1.201759511123177049e+01 -9.965983645447425987e-01 7.175888203043889746e-02 -4.052607353896277298e-02 1.473375896128288431e+01 -4.391958199312694794e-02 -4.636127362836485466e-02 9.979587679985104653e-01 1.177087533555445792e-01
5.852034670419414830e-02 9.971267314800402737e-01 4.810041984798577724e-02 1.252907023517672336e+01 -9.974288721199755514e-01 6.039865947600608909e-02 -3.857002715807590632e-02 1.477969910022142663e+01 -4.136440599228003584e-02 -4.571961615579295257e-02 9.980975416338189188e-01 9.901807689509620203e-02
4.786805700942631248e-02 9.976901105257871549e-01 4.819846965604993039e-02 1.306843355536483209e+01 -9.980823229440007882e-01 4.967136273430383664e-02 -3.693822343893703175e-02 1.481721370549795402e+01 -3.924698389494329920e-02 -4.633787957125427848e-02 9.981545347149357594e-01 7.523233085290847999e-02
3.955733881288969744e-02 9.979695044599272702e-01 4.992078839571526677e-02 1.358693383068045257e+01 -9.983761420398105102e-01 4.152421278946250016e-02 -3.899767631436389104e-02 1.480023599432866810e+01 -4.099141314649578510e-02 -4.829707983121724058e-02 9.979915310903345604e-01 7.248712739655738257e-02
3.305311957242462739e-02 9.980715263818423777e-01 5.254254954178463888e-02 1.411464257632686170e+01 -9.984826224951414142e-01 3.529210285470829600e-02 -4.227197713992440764e-02 1.478015631742078106e+01 -4.404479380989997916e-02 -5.106560194409326403e-02 9.977235891950890778e-01 5.964030239190934446e-02
2.587254840907371456e-02 9.981421132860512913e-01 5.516278567726521503e-02 1.466021922822648449e+01 -9.984319696798338306e-01 2.854141899133033622e-02 -4.815588565491149553e-02 1.478632381956685471e+01 -4.964084165349858663e-02 -5.383037327398990102e-02 9.973154354331006388e-01 3.848819547658640511e-02
1.938409668796459151e-02 9.981599200039764641e-01 5.745459853873370604e-02 1.521456850822975504e+01 -9.986979173405526877e-01 2.204269691641680406e-02 -4.600640620928508201e-02 1.479998479563458069e+01 -4.718820504357415513e-02 -5.648799527604434628e-02 9.972875110490752038e-01 -1.714318350708553262e-02
1.522365823087468151e-02 9.982067821803822794e-01 5.789179768461617109e-02 1.574249749192545167e+01 -9.989225117006780286e-01 1.772214147801887130e-02 -4.289220580760448598e-02 1.480335044384725585e+01 -4.384125736881119145e-02 -5.717644366800098132e-02 9.974010218772595415e-01 -3.075323853730410964e-02
1.226267054682950164e-02 9.983022813597099976e-01 5.694016107334435445e-02 1.628489369994316149e+01 -9.989901663882478910e-01 1.469285446251988869e-02 -4.245900949532315644e-02 1.481046981563219767e+01 -4.322353954317779273e-02 -5.636200013964805938e-02 9.974743357949705791e-01 -5.913738320441014329e-02
7.885905801918946523e-03 9.984110609227556665e-01 5.579575178076367353e-02 1.679519803098607511e+01 -9.990536102707414656e-01 1.025322237680559301e-02 -4.227002763056891127e-02 1.478606982726939201e+01 -4.277494938255971962e-02 -5.540960979820292592e-02 9.975470308949500042e-01 -8.252918366922806781e-02
3.979265649147412098e-03 9.985276571612018426e-01 5.409882927619415194e-02 1.734019449404670965e+01 -9.990214055557069539e-01 6.352668903426783586e-03 -4.377070754857842472e-02 1.479019824804137784e+01 -4.404993401122482555e-02 -5.387171318943477505e-02 9.975757825005787671e-01 -1.224344526659055937e-01
-7.984732591257426293e-04 9.985561155580052750e-01 5.371262907512416862e-02 1.788721588290768238e+01 -9.990107458426172871e-01 1.591654028995637127e-03 -4.444093077816311382e-02 1.476977596412305971e+01 -4.446225513210012859e-02 -5.369497852834467094e-02 9.975670188761297519e-01 -1.395519807603564089e-01
-4.905867854838596998e-03 9.984939219001890409e-01 5.464266088844837999e-02 1.842160897830337163e+01 -9.990698159284466806e-01 -2.552984335696173446e-03 -4.304631426360669422e-02 1.476226262591786309e+01 -4.284198129510773112e-02 -5.480301268507777046e-02 9.975776633622811529e-01 -1.420756219162006562e-01
-8.892745077362373962e-03 9.983858394240737733e-01 5.609487251502268818e-02 1.900226097799622238e+01 -9.990647280773109484e-01 -6.496927098566196435e-03 -4.274879004234940355e-02 1.475515039382737292e+01 -4.231534233346103541e-02 -5.642256264796486481e-02 9.975098526969237156e-01 -1.665752777207117064e-01
-1.275865535432263442e-02 9.982593522320009072e-01 5.758022572807150463e-02 1.955290205336057241e+01 -9.990037582115798287e-01 -1.026310328047852494e-02 -4.342994117188642145e-02 1.473895061782876326e+01 -4.276339313816078513e-02 -5.807696955248513315e-02 9.973957879472475918e-01 -1.674930239510404872e-01
-1.605907848358545387e-02 9.981151217838715173e-01 5.923098568001249065e-02 2.009959905541428782e+01 -9.988972133834346234e-01 -1.340139248648908321e-02 -4.499733074563908725e-02 1.469628309674642708e+01 -4.411873857067323546e-02 -5.988828220771465899e-02 9.972296277995061908e-01 -1.938180866554848614e-01
-1.884164745693261978e-02 9.980373296567586205e-01 5.972002120491038540e-02 2.065468551587958501e+01 -9.988107103928776098e-01 -1.610250594597384399e-02 -4.602036621687001505e-02 1.467437098531422635e+01 -4.496840141236530669e-02 -6.051609632045146236e-02 9.971537719732850302e-01 -2.168093802302349105e-01
-2.097053933510939494e-02 9.980074028577766709e-01 5.951016989616530334e-02 2.119111412944231532e+01 -9.987882742002877068e-01 -1.826190516062986546e-02 -4.569995776710599616e-02 1.466660157455464386e+01 -4.452212708312278805e-02 -6.039641264992478414e-02 9.971810535399348030e-01 -2.578979576639459648e-01
