1.000000000000000000e+00 0.000000000000000000e+00 0.000000000000000000e+00 0.000000000000000000e+00 0.000000000000000000e+00 1.000000000000000000e+00 0.000000000000000000e+00 0.000000000000000000e+00 0.000000000000000000e+00 0.000000000000000000e+00 1.000000000000000000e+00 0.000000000000000000e+00
9.999999935387582362e-01 1.123814881260881677e-04 1.711386968261886565e-05 1.172135865337029610e-03 -1.123807833815761251e-04 9.999999928375843394e-01 -4.117512412938138637e-05 4.848179024279253291e-02 -1.711849688176565309e-05 4.117320059325733016e-05 9.999999990058623389e-01 7.894419256252361737e-04
9.999999983572114282e-01 4.653609737090188539e-05 -3.346593592464184295e-05 3.757991495925516387e-03 -4.653887854746068626e-05 9.999999954635364618e-01 -8.310872347450111019e-05 9.199514013767721987e-02 3.346206821717686089e-05 8.311028080509851588e-05 9.999999959864855903e-01 3.644955123942251931e-04
9.999998836565738847e-01 4.813848507842514914e-04 -3.091058351125079305e-05 8.547727225262948675e-03 -4.813884978843396790e-04 9.999998771599398761e-01 -1.180898783013951823e-04 1.417216995645361188e-01 3.085373303574760523e-05 1.181047445617793571e-04 9.999999925496582120e-01 2.173441337173296576e-03
9.999996218959745775e-01 8.650827949951183293e-04 -8.854188662272152136e-05 1.659435805179940854e-02 -8.650998521866551513e-04 9.999996072172865347e-01 -1.927887920517369668e-04 1.972732129012660929e-01 8.837507357792720507e-05 1.928653167305482735e-04 9.999999774964077881e-01 2.836436750396803194e-03
9.999989732452998492e-01 1.425454072777606251e-03 -1.469320675346795447e-04 1.118173041729477596e-02 -1.425478360418486927e-03 9.999989703387721640e-01 -1.653264632601484318e-04 2.476475125106125663e-01 1.466962509640343910e-04 1.655357419931474455e-04 9.999999755390637235e-01 5.169334985319304701e-03
9.999962956538034353e-01 2.716633327058073314e-03 -1.690622291464516120e-04 8.180364680860446880e-03 -2.716677141589158174e-03 9.999962761622389618e-01 -2.594743984832374446e-04 3.197687203068719231e-01 1.683567027877008228e-04 2.599327247936645299e-04 9.999999520454984081e-01 3.673570120383662808e-03
9.999938362867033526e-01 3.509281489382807661e-03 -1.110496748678568564e-04 3.852486970658930854e-03 -3.509321506576475787e-03 9.999937767049591475e-01 -3.622346141328360719e-04 3.877057269510148507e-01 1.097778005467758724e-04 3.626220904348405501e-04 9.999999282270244372e-01 3.604378586520153287e-03
9.999923264416566981e-01 3.914962084406111570e-03 -1.418791064813051115e-04 9.654857958741467489e-03 -3.915022374085953827e-03 9.999922450283675879e-01 -4.271802145435026326e-04 4.631891630318287212e-01 1.402056118697128184e-04 4.277323964274928328e-04 9.999998986936865508e-01 6.103485536248189590e-03
9.999910932295295041e-01 4.220151329343111053e-03 -6.151721685564735863e-05 1.974475022121007645e-02 -4.220182395410078217e-03 9.999909629261913846e-01 -5.139323865747436092e-04 5.550115837585772871e-01 5.934778847562225600e-05 5.141874229725279218e-04 9.999998660445580390e-01 9.273492739104929536e-03
9.999862844779554560e-01 5.231601736889879631e-03 2.473848016271209269e-04 4.243379040655054918e-02 -5.231425499401134646e-03 9.999860655327964531e-01 -7.077623060487805203e-04 6.553709667487546131e-01 -2.510840849613459524e-04 7.064584235598732418e-04 9.999997189365995576e-01 1.587822647720598529e-02
9.999764086357907367e-01 6.756456929844285864e-03 1.237926339193810062e-03 6.558971380672405649e-02 -6.755369265702682730e-03 9.999767944052776469e-01 -8.807025769848055539e-04 7.513601951439903281e-01 -1.243848041406287342e-03 8.723191504645582198e-04 9.999988459500088744e-01 3.205657244234005887e-02
9.999586657580796789e-01 8.919676823066808799e-03 1.762424663137563807e-03 9.406334026121040970e-02 -8.917908004855605933e-03 9.999597256569509041e-01 -1.008950391486894546e-03 8.200981671547227236e-01 -1.771353194064652185e-03 9.931915462759778341e-04 9.999979379370811383e-01 4.270856478614561136e-02
9.999418637990998837e-01 1.072664213231804692e-02 1.099168116153080837e-03 1.008307278592179418e-01 -1.072554683307963899e-02 9.999419820602475362e-01 -9.975763404762914930e-04 8.925372576819866621e-01 -1.109804989087496627e-03 9.857291660705206921e-04 9.999988983348417904e-01 3.874024074769037707e-02
9.999219279652038495e-01 1.245823475088958521e-02 9.645523528517453574e-04 9.224182567353790552e-02 -1.245708334946280665e-02 9.999216986353209879e-01 -1.190660606048621947e-03 9.625605270109582889e-01 -9.793103564250029563e-04 1.178552139697961344e-03 9.999988259823507919e-01 3.707585383229326792e-02
9.999003886232383786e-01 1.409172032890226856e-02 7.976523483413984093e-04 9.538232856889203304e-02 -1.409077949344691300e-02 9.999000319042209428e-01 -1.173086188183803660e-03 1.039906777926130621e+00 -8.141034110406253051e-04 1.161729792100629896e-03 9.999989938092569419e-01 4.299851009294462095e-02
9.998892681490786360e-01 1.486370245913362469e-02 7.223499887350736922e-04 9.252563598937872669e-02 -1.486290220357150589e-02 9.998889349426686168e-01 -1.100871156370803036e-03 1.147965399111156248e+00 -7.386327822062995407e-04 1.090013037630711617e-03 9.999991331462196875e-01 5.073382945899518326e-02
9.998898938678353332e-01 1.482016057519233709e-02 7.503209277039205862e-04 9.089172711200968480e-02 -1.481925911523509359e-02 9.998894769690360729e-01 -1.193065741303971864e-03 1.256762501071231553e+00 -7.679194258236808320e-04 1.181815177202550499e-03 9.999990068058279835e-01 5.786904200894358447e-02
9.998827246804888880e-01 1.529743819110869311e-02 7.247553454942592824e-04 1.009961469168960957e-01 -1.529647373273363732e-02 9.998821333078425910e-01 -1.318098289757056859e-03 1.348975825871849832e+00 -7.448334480964271262e-04 1.306857508253967152e-03 9.999988686726538623e-01 6.109238014010491546e-02
9.998490040595379158e-01 1.736084397380193226e-02 7.551010975529351237e-04 9.562153277382641481e-02 -1.735977833511756843e-02 9.998483336601197147e-01 -1.395626467722392572e-03 1.434801112602643647e+00 -7.792158274850665648e-04 1.382307346117242226e-03 9.999987410237550778e-01 6.632963993861476504e-02
9.998278104517647202e-01 1.853835481958089268e-02 8.239222132016298973e-04 1.003355673992538527e-01 -1.853719675790558089e-02 9.998272029138857153e-01 -1.391635639941069110e-03 1.510272770890276339e+00 -8.495784771168058379e-04 1.376122806649591980e-03 9.999986922503609765e-01 7.194052610836157435e-02
9.998148992017961145e-01 1.921837063246083915e-02 9.064018621681653497e-04 1.153795450508934145e-01 -1.921698374115021063e-02 9.998141892411179787e-01 -1.514769955579244867e-03 1.598960406411541024e+00 -9.353448533795418992e-04 1.497071260603137803e-03 9.999984419526092294e-01 7.414658605867052721e-02
9.997968970581017079e-01 2.013817261464954586e-02 7.865346363200236652e-04 1.130240505201925566e-01 -2.013700652516623238e-02 9.997961589862934817e-01 -1.463367506637251606e-03 1.698859480609193229e+00 -8.158438557497711902e-04 1.447231839287729587e-03 9.999986199584509627e-01 7.844303967985333248e-02
9.998040564318152468e-01 1.977620192413551484e-02 8.663601696206098138e-04 1.173681216889201767e-01 -1.977482394270716967e-02 9.998032244155807824e-01 -1.571237169511619869e-03 1.801044587427545585e+00 -8.972627946268841659e-04 1.553797175868939845e-03 9.999983903156113296e-01 8.397160867980148213e-02
9.998073031605587691e-01 1.959068843202993807e-02 1.249589360431176827e-03 1.309206440308388342e-01 -1.958870679309881666e-02 9.998068762763615558e-01 -1.578833961566358194e-03 1.920227545531349334e+00 -1.280278479307825346e-03 1.554051885658699460e-03 9.999979729028214415e-01 9.961006609936236267e-02
9.997774109090938888e-01 2.104302405980422105e-02 1.523080538701248546e-03 1.600636323781950143e-01 -2.104011532641386975e-02 9.997768245073291871e-01 -1.901243038703491744e-03 2.029775330657728638e+00 -1.562748527458619405e-03 1.868774052558224395e-03 9.999970327458879149e-01 1.154672446461013496e-01
9.997347046740664434e-01 2.294594109880388616e-02 2.001014079735811014e-03 1.630643323145460344e-01 -2.294115114046611781e-02 9.997339729164431699e-01 -2.384739200594879552e-03 2.106056886067907197e+00 -2.055201841028881076e-03 2.338200973993971761e-03 9.999951544690592886e-01 1.236747414451116467e-01
9.996909505004963892e-01 2.477459107533952487e-02 2.055024200279384136e-03 1.822877716996607056e-01 -2.476917193083980062e-02 9.996897589087352376e-01 -2.621841882196477951e-03 2.189208459833644316e+00 -2.119341707824530172e-03 2.570130355536250945e-03 9.999944513949470259e-01 1.233583361155155683e-01
9.996709434854579301e-01 2.557222452960158238e-02 2.016453198565816216e-03 1.811513843075158170e-01 -2.556630484006666704e-02 9.996688967377135304e-01 -2.908771566732657864e-03 2.299279020952536889e+00 -2.090169303943331669e-03 2.856261159329048348e-03 9.999937364626193537e-01 1.250870284988225833e-01
9.996706910398950319e-01 2.561330628122840056e-02 1.570992413300224778e-03 1.642187208908917617e-01 -2.560897984228044030e-02 9.996683498075531471e-01 -2.714874671381655499e-03 2.447238577796037706e+00 -1.640008309837268996e-03 2.673749125782226652e-03 9.999950807070783210e-01 1.141366098069306056e-01
9.996672744766402774e-01 2.577596182196550262e-02 9.696043513850853036e-04 1.403596054836563911e-01 -2.577373234530344615e-02 9.996652800229293145e-01 -2.245581811228858360e-03 2.568798028830125979e+00 -1.027161836473157192e-03 2.219844325812029597e-03 9.999970086103912026e-01 1.101961036717525183e-01
9.996631187641699112e-01 2.593987987882287113e-02 8.784159409486669767e-04 1.337370829644312087e-01 -2.593809193320921816e-02 9.996615722366382073e-01 -1.989065166592465447e-03 2.716565653086278065e+00 -9.297147720990296725e-04 1.965610654429073879e-03 9.999976359998046238e-01 1.204534002543529714e-01
9.996414567152769326e-01 2.675991120826728964e-02 9.301442279497033200e-04 1.471464657896011941e-01 -2.675814782686974924e-02 9.996402077208378367e-01 -1.859202171800616388e-03 2.835958692875039322e+00 -9.795616542735820307e-04 1.833646630595186936e-03 9.999978390971649977e-01 1.306991048963906665e-01
9.996004101132922592e-01 2.824678681245041886e-02 1.067303194875885092e-03 1.687928661114533047e-01 -2.824484661751059875e-02 9.995994299279594708e-01 -1.791180407391117658e-03 2.981846989197723730e+00 -1.117470756268439331e-03 1.760318854781406980e-03 9.999978262659566797e-01 1.487851103103796646e-01
9.995930335587797089e-01 2.850577410878872564e-02 1.090001474776598625e-03 1.765101952737131719e-01 -2.850376162810164954e-02 9.995920296331667343e-01 -1.819303958861851010e-03 3.109986225132040705e+00 -1.141417454161626098e-03 1.787494420992903447e-03 9.999977510124161695e-01 1.511119463616453495e-01
9.996261521765915647e-01 2.731574225797814628e-02 1.185794888472478312e-03 1.686899367836681152e-01 -2.731347666715884179e-02 9.996251372642771527e-01 -1.886515763951214638e-03 3.246597416666588742e+00 -1.236881956530283370e-03 1.853422313120706632e-03 9.999975174712959491e-01 1.603095975961162933e-01
9.996667980573151757e-01 2.578556869518817962e-02 1.182078212602256147e-03 1.707735412051761548e-01 -2.578321576245642260e-02 9.996656277280736580e-01 -1.964312598093905307e-03 3.395196777183490777e+00 -1.232333875861687817e-03 1.933180307716557585e-03 9.999973720801051957e-01 1.646622071802945064e-01
9.996722317927640988e-01 2.557592988130471742e-02 1.140523204804552715e-03 1.497467968087656531e-01 -2.557364086073165774e-02 9.996709834077267542e-01 -1.978339140497138195e-03 3.549503509056001427e+00 -1.190745816885094722e-03 1.948523372990750664e-03 9.999973926871331686e-01 1.682382275441090536e-01
9.996527773540696549e-01 2.632844199131138818e-02 1.066710178569785922e-03 1.620411512334675175e-01 -2.632641999534699601e-02 9.996516559038388650e-01 -1.867206186148340176e-03 3.655557435249019882e+00 -1.115499226134590485e-03 1.838475189701548529e-03 9.999976878325536056e-01 1.743519694967780032e-01
9.996394324706051604e-01 2.683175824441033641e-02 1.030436490039138633e-03 1.795044987724786212e-01 -2.682965081492882237e-02 9.996380048331919843e-01 -2.007269355203271204e-03 3.767200123369652154e+00 -1.083922043080269570e-03 1.978899347836324957e-03 9.999974545319481045e-01 1.766075618694492588e-01
9.996518906382340086e-01 2.636262441674814411e-02 1.053364735323345609e-03 1.609701306267006249e-01 -2.636043749651666851e-02 9.996504243971734427e-01 -2.038709774181300324e-03 3.874683234347320759e+00 -1.106742244782493506e-03 2.010232924956458465e-03 9.999973670391292258e-01 1.820594968630293020e-01
9.996486682220878661e-01 2.648760413238564898e-02 9.731131137333013737e-04 1.595761802328996559e-01 -2.648526771857027950e-02 9.996464646635641049e-01 -2.340145190676515014e-03 4.007281536656575049e+00 -1.034753923284193041e-03 2.313549861968423969e-03 9.999967883805199742e-01 1.826961346346506476e-01
9.996346644077443999e-01 2.701366425173613514e-02 8.942360486581805339e-04 1.492482260025084495e-01 -2.701139923236218696e-02 9.996321113179240658e-01 -2.454859177099494999e-03 4.118587130129416352e+00 -9.602218109322338329e-04 2.429807762749849366e-03 9.999965869983306055e-01 1.789917386062427340e-01
9.996255168586218876e-01 2.735323439913527402e-02 7.915889330459213117e-04 1.578247306906854774e-01 -2.735098643896645768e-02 9.996221816781226677e-01 -2.723497362922253952e-03 4.218574007492136069e+00 -8.657863179970604409e-04 2.700826720901276963e-03 9.999959779664492343e-01 1.742872260686008923e-01
9.995961641805920506e-01 2.840818281464824874e-02 6.954887607274958276e-04 1.796402238094540471e-01 -2.840542402743924388e-02 9.995896416803188300e-01 -3.698666142430755317e-03 4.335011524805960192e+00 -8.002757450728093620e-04 3.677416835403627543e-03 9.999929180569983034e-01 1.542283024010887849e-01
9.995421637065112774e-01 3.025105558292254249e-02 5.801801656813075593e-04 2.115454354366439471e-01 -3.024784195724868063e-02 9.995303245841608009e-01 -4.919176111040236832e-03 4.452035305929500808e+00 -7.287179392779925520e-04 4.899374735724281588e-03 9.999877324734358641e-01 1.367192233124797374e-01
9.995334132221020962e-01 3.053818713478586092e-02 6.123553668335505974e-04 2.226091953677374613e-01 -3.053440607655047087e-02 9.995188757460731210e-01 -5.446748833795929390e-03 4.559949266402435697e+00 -7.783945829771813556e-04 5.425509545373498332e-03 9.999849788612058532e-01 1.278039163975156212e-01
9.995447343089730596e-01 3.016546812487940626e-02 6.071639080775980074e-04 2.296696310702090460e-01 -3.016163865195615329e-02 9.995296100024506636e-01 -5.552862521058949015e-03 4.705868842306683675e+00 -7.743830016292064427e-04 5.532021434868175137e-03 9.999843984132007479e-01 1.356546417114245229e-01
9.995347397995880678e-01 3.049552637813874797e-02 5.716683392430292870e-04 2.357902179346947624e-01 -3.049179507190740920e-02 9.995188875175484711e-01 -5.678373796700666824e-03 4.855309500212653617e+00 -7.445583003714141383e-04 5.658300681520703375e-03 9.999837145005586736e-01 1.408582396221603750e-01
9.994670943890099357e-01 3.263692724650166244e-02 5.985093955338459089e-04 2.335975024012980905e-01 -3.263268121365429930e-02 9.994488300580153251e-01 -6.094605194130934753e-03 4.986155341835745602e+00 -7.970887014620346668e-04 6.071826378518380488e-03 9.999812486112082954e-01 1.417740362376192220e-01
9.994258004491874958e-01 3.387885398511918805e-02 5.409705684503433214e-04 2.325285776963378903e-01 -3.387432639557189790e-02 9.994023215129322901e-01 -6.894183476513269723e-03 5.084579500036229938e+00 -7.742142773268582663e-04 6.871899825851752325e-03 9.999760885066383276e-01 1.343562164667058412e-01
9.994281407916859594e-01 3.380980747587190166e-02 5.369470350796178883e-04 2.476336020639203217e-01 -3.380510037266492435e-02 9.994027690266746866e-01 -7.163829325799744852e-03 5.195063231532372150e+00 -7.788340439745277451e-04 7.141581075617324179e-03 9.999741952856945337e-01 1.393274445344356294e-01
9.994288728093581042e-01 3.378739530025450660e-02 5.831927984263824728e-04 2.565173235307710575e-01 -3.378216151082755886e-02 9.994018126741927022e-01 -7.401512493684177588e-03 5.332954678965886153e+00 -8.329217683297415482e-04 7.377583775338767205e-03 9.999724383696610985e-01 1.444596662746207572e-01
9.993789774075552135e-01 3.523069318477151102e-02 6.765896465731963605e-04 2.439335349855613067e-01 -3.522451409051351179e-02 9.993502774497327046e-01 -7.632599048127020058e-03 5.459622854923779300e+00 -9.450518062894824748e-04 7.604026490139846953e-03 9.999706423981759018e-01 1.442107103382353206e-01
9.993116858615145315e-01 3.709024753506303534e-02 6.841333242494134154e-04 2.692264449599008902e-01 -3.708374849409006718e-02 9.992813431874111307e-01 -7.848105197466748867e-03 5.573822944422039960e+00 -9.747298316304789162e-04 7.817333007566120567e-03 9.999689691217443777e-01 1.459912357009199302e-01
9.992633866087775596e-01 3.837088767934480199e-02 5.993011394991898692e-04 2.531625505117724995e-01 -3.836464297169000365e-02 9.992297025348505501e-01 -8.255649082224803675e-03 5.681182704224525537e+00 -9.156160830047062544e-04 8.226575886308189894e-03 9.999657419613811049e-01 1.431452262125298691e-01
9.992171052463778569e-01 3.955804325281390282e-02 5.812031122041406983e-04 2.340736440710378119e-01 -3.955174875142333096e-02 9.991819638831744843e-01 -8.429841117534706343e-03 5.814701206450004989e+00 -9.141956866089331456e-04 8.400253839682477949e-03 9.999642993535696744e-01 1.447345316153646477e-01
9.991518014706284312e-01 4.117532889870428175e-02 5.195267860500017536e-04 2.255500330901826223e-01 -4.116923991581199899e-02 9.991141091823270148e-01 -8.722987880278757628e-03 5.975301469339484584e+00 -8.782384369905940364e-04 8.694200531889396261e-03 9.999618190582874044e-01 1.440596209104051117e-01
9.990172114319658681e-01 4.432119851068095501e-02 4.925700718198387134e-04 2.276528801563097448e-01 -4.431504517134895321e-02 9.989777220049422812e-01 -8.926797257554415499e-03 6.154122031137934101e+00 -8.877128815910649345e-04 8.896195838277783097e-03 9.999600340340841775e-01 1.497711972028734628e-01
9.987116292307566257e-01 5.074321392564193345e-02 4.559383119398056623e-04 2.296348806167659573e-01 -5.073698419787500691e-02 9.986706874833449765e-01 -9.089356195443343625e-03 6.323586245699665653e+00 -9.165553733066619455e-04 9.054512799681798882e-03 9.999585870045859526e-01 1.526361871371825218e-01
9.983696581038528084e-01 5.707714816300842736e-02 4.742733114193315022e-04 2.342797720436925746e-01 -5.707021971492686613e-02 9.983262653952597043e-01 -9.362576763018888582e-03 6.483539117530007445e+00 -1.007868684856273126e-03 9.320245679778616649e-03 9.999560576451260729e-01 1.549019176393709452e-01
9.980613311890537132e-01 6.223715836254587602e-02 3.395645584345037614e-04 2.769572133036983241e-01 -6.223111097250685203e-02 9.980163184124472009e-01 -9.524547736889189820e-03 6.647911415496971621e+00 -9.316717563045519897e-04 9.484951313535047029e-03 9.999545828117987201e-01 1.604658910806356364e-01
9.976117582931502970e-01 6.907047137682462146e-02 2.229327975953475827e-04 3.151000786699946765e-01 -6.906506733603107184e-02 9.975650097743985478e-01 -9.698852905039164266e-03 6.858120959713716047e+00 -8.922943003777769784e-04 9.660292831345418732e-03 9.999529401693332265e-01 1.658565190065686146e-01
9.968487995523444001e-01 7.932485132362449010e-02 1.969607439651386649e-04 3.641686232376423193e-01 -7.931906390882206837e-02 9.968005454146040556e-01 -9.856914414564668658e-03 7.034140283916869407e+00 -9.782288474547498613e-04 9.810230559610888523e-03 9.999514000413666226e-01 1.688245969117974088e-01
9.960069588281438291e-01 8.927519650700603548e-02 2.779470231528790420e-04 3.860530322286273019e-01 -8.926806650742220850e-02 9.959582822331047858e-01 -9.915258610330998992e-03 7.194480332731332695e+00 -1.162010300586229731e-03 9.850854781121994377e-03 9.999508039859473785e-01 1.737620719590460827e-01
9.951523170780125493e-01 9.834531279653563329e-02 2.554705744051677906e-04 4.284697199743984775e-01 -9.833777916611108338e-02 9.951022229400597885e-01 -1.006216122056696576e-02 7.338180878764146264e+00 -1.243785729132185474e-03 9.988260644530443447e-03 9.999493425400893809e-01 1.808149710666001608e-01
9.941957171425952478e-01 1.075864609690325296e-01 1.715560537901603773e-04 4.714424953272315366e-01 -1.075790423900501308e-01 9.941435324986931388e-01 -1.026578927602542560e-02 7.521891385521290552e+00 -1.275011278597908138e-03 1.018774789532990097e-02 9.999472906803941186e-01 1.818020202217266179e-01
9.928625010119922489e-01 1.192645454939337546e-01 1.492391941998656192e-04 5.311858111712718378e-01 -1.192564809630664302e-01 9.928084459123612815e-01 -1.045377794808001644e-02 7.708050906776819033e+00 -1.394931008135051956e-03 1.036136637743269827e-02 9.999453466336423180e-01 1.918158505334810748e-01
9.914846929894879368e-01 1.302231681826303000e-01 1.733090284253286772e-04 5.588434451963957272e-01 -1.302140782606298064e-01 9.914295526379658385e-01 -1.057052405594995949e-02 7.885611391517199031e+00 -1.548350824436355109e-03 1.045794552296089135e-02 9.999441154310391155e-01 1.927637268538467674e-01
9.899865636351394826e-01 1.411615175904071817e-01 1.725498802764012822e-04 6.113166062192812999e-01 -1.411517760046113734e-01 9.899312031316209737e-01 -1.060137713343486422e-02 8.078778459469514672e+00 -1.667318995286140495e-03 1.047086519607892847e-02 9.999437889348647968e-01 2.079986089159799323e-01
9.882413646937620033e-01 1.529019411977969867e-01 3.855069832959742444e-05 6.419283313878670905e-01 -1.528927225185018335e-01 9.881844886749063805e-01 -1.073460493889672948e-02 8.275724782178496497e+00 -1.679437135265662590e-03 1.060248651304110043e-02 9.999423817253919600e-01 2.139980533717190936e-01
9.861450316469065891e-01 1.658854308813600131e-01 -1.947888966638132869e-05 6.882786732516349426e-01 -1.658758702494577963e-01 9.860869218687671189e-01 -1.085256598068086963e-02 8.480084932211795490e+00 -1.781074705521092181e-03 1.070543510024358179e-02 9.999411089820279264e-01 2.161358823373394356e-01
9.839278362469785488e-01 1.785665461179853641e-01 -4.081460892556472170e-05 7.269240609529367125e-01 -1.785564295799331458e-01 9.838696076884821951e-01 -1.087182241293685458e-02 8.683950979588347607e+00 -1.901187525014681398e-03 1.070437641366681417e-02 9.999408991593399243e-01 2.170320651025045844e-01
9.813179674963987686e-01 1.923929479446816748e-01 -1.580796767451284578e-05 7.742416880708016258e-01 -1.923813839755735555e-01 9.812580769023737659e-01 -1.104489083232854975e-02 8.919613615786396110e+00 -2.109447410998850810e-03 1.084159098149932617e-02 9.999390032080007762e-01 2.202230391860784953e-01
9.781305383282974386e-01 2.079918870122168251e-01 -1.578818931767835259e-04 8.286744848721866452e-01 -2.079801850327770429e-01 9.780668709261991500e-01 -1.137710993027673222e-02 9.131319710827106917e+00 -2.211927513908367067e-03 1.116113496607803145e-02 9.999352661262338460e-01 2.188194715444366223e-01
9.744199017241569338e-01 2.247350279012316210e-01 -1.495263088654450248e-04 8.832248835056024650e-01 -2.247216090977903757e-01 9.743540041483927938e-01 -1.159624958741672582e-02 9.362839526417845448e+00 -2.460391916809167787e-03 1.133321817607009854e-02 9.999327500574172189e-01 2.154087297649736055e-01
9.702085315701851620e-01 2.422712285666359655e-01 -2.389084300329451498e-04 9.285824003761438128e-01 -2.422564955578845325e-01 9.701376693334288204e-01 -1.202883619953819608e-02 9.560319630566876725e+00 -2.682466856792672938e-03 1.172835662467125797e-02 9.999276223919643103e-01 2.203894487900493193e-01
9.651684604170659432e-01 2.616290352874065528e-01 -3.015140655157531012e-04 1.015799454006644176e+00 -2.616129728930639553e-01 9.650950843844899874e-01 -1.225277564256914073e-02 9.807258077728485901e+00 -2.914692128456359242e-03 1.190487259382283156e-02 9.999248864681392623e-01 2.225183394097368372e-01
9.596677466016141356e-01 2.811366493783617471e-01 -2.255855080812762051e-05 1.071629107301901529e+00 -2.811201195895159377e-01 9.596104453905971443e-01 -1.092114734064828126e-02 1.004982507886548859e+01 -3.048687349728909039e-03 1.048701452120509407e-02 9.999403622376065170e-01 2.505770178979593310e-01
9.538510307649319397e-01 3.002802071901758962e-01 -9.098627335430548545e-05 1.197765785589475218e+00 -3.002637113126209734e-01 9.537953660966674851e-01 -1.077512326124716383e-02 1.026756708213198088e+01 -3.148773959483240799e-03 1.030518230547567207e-02 9.999419425347668700e-01 2.597316362356282271e-01
9.472244714922328779e-01 3.205710534387138932e-01 1.741991557472461448e-05 1.395938858876010880e+00 -3.205530408549275845e-01 9.471718211023797407e-01 -1.054937478055978893e-02 1.049326732924374461e+01 -3.398323839682213486e-03 9.987041944180321054e-03 9.999443536458845205e-01 2.715075781173966751e-01
9.383503267374186940e-01 3.456857445370832838e-01 -1.741712430013806108e-04 1.609137103851488781e+00 -3.456679943202092820e-01 9.382967941528572720e-01 -1.061902938664193753e-02 1.069390049097049022e+01 -3.507422760840671339e-03 1.002457511882625697e-02 9.999436013492279951e-01 2.798082338989860696e-01
9.276714078796299834e-01 3.733974800158474383e-01 -2.844651823266303777e-04 1.732397686023752215e+00 -3.733789502951985750e-01 9.276172224228367291e-01 -1.069804379300343285e-02 1.084816966125079674e+01 -3.730747791100824141e-03 1.003048265818608058e-02 9.999427338295743262e-01 2.850865907992505277e-01
9.163691321180353899e-01 4.003338719193338946e-01 -6.361566732359239581e-04 1.799448944197613365e+00 -4.003137837333109461e-01 9.163047183903929582e-01 -1.159903481426409477e-02 1.102977438513817354e+01 -4.060573156399883976e-03 1.088365975106433611e-02 9.999325265717005085e-01 2.799684972902366509e-01
9.040489108389441197e-01 4.274283499776323492e-01 -7.566018223166925787e-04 1.840051402643874567e+00 -4.274062940161488244e-01 9.039811748109939371e-01 -1.191198651428722680e-02 1.126504087770522311e+01 -4.407566936555614226e-03 1.109239481509180156e-02 9.999287635281655096e-01 2.679696293198809975e-01
8.890858809543619179e-01 4.577396597666115174e-01 -8.367582404826788556e-04 1.959993182803216660e+00 -4.577151903726314752e-01 8.890161878075210078e-01 -1.212527601039691504e-02 1.152763859064799767e+01 -4.806328094504899902e-03 1.116340866085692961e-02 9.999261360307163393e-01 2.734899930262891798e-01
8.713052886323279234e-01 4.907401199189070362e-01 -1.108468904641724852e-03 2.105169928035424576e+00 -4.907143567753283198e-01 8.712314007597938836e-01 -1.246059327252108453e-02 1.173130929289402857e+01 -5.149180120328036327e-03 1.140092242339074344e-02 9.999217493944134727e-01 2.782010244430282997e-01
8.521715010381036848e-01 5.232608486861679564e-01 -1.347980228573125196e-03 2.268265095248548580e+00 -5.232331828357613679e-01 8.520934812567702021e-01 -1.279592041538481911e-02 1.191569501831092381e+01 -5.546999010644752814e-03 1.160962669293858981e-02 9.999172202587705005e-01 2.800953979765448687e-01
8.295531011815114875e-01 5.584255754049008980e-01 -1.590299922147563917e-03 2.443953312048876114e+00 -5.583947233299350055e-01 8.294695283019537513e-01 -1.325271956315641000e-02 1.215463353174081540e+01 -6.081552221453029143e-03 1.188184969774449401e-02 9.999109142170305997e-01 2.814279304296115058e-01
8.030044139602328102e-01 5.959693209263154934e-01 -2.116524275632744763e-03 2.584195641182777781e+00 -5.959348646990263454e-01 8.029076441668225872e-01 -1.417575305358189861e-02 1.237699478571642864e+01 -6.748940400992169304e-03 1.264450288106791845e-02 9.998972788993649718e-01 2.678583059604154881e-01
7.754073990278680384e-01 6.314565230953603781e-01 -2.454582073422372640e-03 2.754786417838890777e+00 -6.314201273565771544e-01 7.753066055592928718e-01 -1.443226056898156383e-02 1.257526376242699584e+01 -7.210291383883574851e-03 1.274075415529398077e-02 9.998928366988704131e-01 2.722337293881082476e-01
7.476526858515075702e-01 6.640845627966024400e-01 -2.674844719287854111e-03 3.029085152437931416e+00 -6.640455910817001373e-01 7.475501273549249870e-01 -1.456914742155320137e-02 1.278582172150424690e+01 -7.675565385203121649e-03 1.266888104296208344e-02 9.998902865560485020e-01 2.896462254269044911e-01
7.168118278258224230e-01 6.972606749685267280e-01 -2.890437931917429985e-03 3.334661988236781394e+00 -6.972188295548037429e-01 7.167079349251879172e-01 -1.468467669041837419e-02 1.299878498646172709e+01 -8.167447779641732672e-03 1.254141769128232047e-02 9.998879965471431097e-01 3.048483343282646918e-01
6.828562138746263610e-01 7.305460604876273800e-01 -3.137623116072491437e-03 3.626544950171790127e+00 -7.304975995820367496e-01 6.827455262172799078e-01 -1.522509228779926616e-02 1.313958733537418766e+01 -8.980433045957896682e-03 1.268857503022244662e-02 9.998791686428962766e-01 3.143578058147009635e-01
6.448638916442381852e-01 7.642896749995999883e-01 -3.442955482449390481e-03 3.953111255878163810e+00 -7.642378979563071439e-01 6.447508963856487529e-01 -1.538560812017481134e-02 1.329693940713359268e+01 -9.539212796314483142e-03 1.255286018835338573e-02 9.998757068357637667e-01 3.205878469525752505e-01
6.040707743184383638e-01 7.969210962105459650e-01 -3.907176589817459682e-03 4.272910795713678489e+00 -7.968680632641365058e-01 6.039545998285678063e-01 -1.549616389880823127e-02 1.347438418037808994e+01 -9.989462647533791512e-03 1.247428396727733209e-02 9.998722932832558863e-01 3.357169544161712205e-01
5.620284603356254793e-01 8.271074035603430685e-01 -4.165663024565599559e-03 4.578076174806063214e+00 -8.270498542069563142e-01 5.619105021196277860e-01 -1.565650867595144019e-02 1.368569036819909357e+01 -1.060888443799135397e-02 1.224461446251863886e-02 9.998687518807883867e-01 3.463158004840157234e-01
5.182862278276099133e-01 8.551949046465194826e-01 -4.589238592313884396e-03 4.918487360190439972e+00 -8.551348317896068085e-01 5.181650791778584786e-01 -1.579145910815387549e-02 1.389763034468623104e+01 -1.112679218767466047e-02 1.210891354473972795e-02 9.998647752113174469e-01 3.520605252839307253e-01
4.726429779369577533e-01 8.812412198951462550e-01 -4.746342233665129529e-03 5.299929221289708003e+00 -8.811809554474077100e-01 4.725276018788479027e-01 -1.542041566945492707e-02 1.405562237580823570e+01 -1.134632820247060900e-02 1.147073756737832483e-02 9.998698330362718600e-01 3.729839619484406898e-01
4.251692381586819058e-01 9.051009689457349960e-01 -4.832694595969314055e-03 5.692772608578478000e+00 -9.050382650165407217e-01 4.250586521896444481e-01 -1.519477063245844306e-02 1.414957916675313143e+01 -1.169862297093943876e-02 1.083412258628915076e-02 9.998728739236648622e-01 4.007817187032304274e-01
3.804292974770238089e-01 9.247955983529090318e-01 -5.162449827663244742e-03 6.120636978988423849e+00 -9.247308914182932327e-01 3.803178102292019691e-01 -1.520334434240461045e-02 1.416785688147264644e+01 -1.209661431422437948e-02 1.055767443851951710e-02 9.998710954080947122e-01 4.243721051834748459e-01
3.393352461549969945e-01 9.406492944808275691e-01 -5.522273956341004070e-03 6.566498026616224060e+00 -9.405844873462014810e-01 3.392231257538103062e-01 -1.511598880318232307e-02 1.421093639870878356e+01 -1.234556117035468664e-02 1.032355299961433201e-02 9.998704973009520103e-01 4.401012617283548423e-01
3.011317165192978207e-01 9.535623875714029918e-01 -6.201799357188298931e-03 7.016276094390080154e+00 -9.534968381386581537e-01 3.010110794103203480e-01 -1.536586254706827359e-02 1.427946737689332224e+01 -1.278549825868294069e-02 1.054054464244766690e-02 9.998627045514387746e-01 4.495870394427622374e-01
2.656604254471617299e-01 9.640437644228933012e-01 -6.645195901580035897e-03 7.447861556028315455e+00 -9.639795641759675293e-01 2.655374577934398461e-01 -1.527279803144465653e-02 1.433810402025173758e+01 -1.295909728125950802e-02 1.046321107187121041e-02 9.998612818845024064e-01 4.702082311471824649e-01
2.335297182840772034e-01 9.723237341872219552e-01 -7.101169930078850799e-03 7.865511273702750827e+00 -9.722608160116148479e-01 2.334034272280440803e-01 -1.522319961873073654e-02 1.442434001065804594e+01 -1.314444090055263276e-02 1.045925878920006546e-02 9.998589038354324110e-01 4.824924071174829798e-01
2.046282303378585965e-01 9.788103742366944804e-01 -7.585422560324645708e-03 8.290003225905335782e+00 -9.787481408217393319e-01 2.044969031904766421e-01 -1.526739740406429791e-02 1.444788340940848670e+01 -1.339269154371494283e-02 1.054835874092352119e-02 9.998546734106350531e-01 4.991296674576391479e-01
1.813869096451965479e-01 9.833781945649200384e-01 -8.131141592894772924e-03 8.715760581453173117e+00 -9.833198030506491438e-01 1.812506388837292759e-01 -1.517797195518965671e-02 1.446439223603498725e+01 -1.345191204988515146e-02 1.074859797733554272e-02 9.998517458622172560e-01 5.054051706804929545e-01
1.590939152849467630e-01 9.872245636646942435e-01 -8.762820114576722400e-03 9.184552171071040050e+00 -9.871671658109829606e-01 1.589481720513991059e-01 -1.537742976671912717e-02 1.451804908789931758e+01 -1.378814215250656790e-02 1.109682380562480516e-02 9.998433615509026984e-01 5.165007993517465312e-01
1.381781540245694551e-01 9.903657404895551686e-01 -9.082830777761291205e-03 9.691173760452509001e+00 -9.903157705653635734e-01 1.380348234358144133e-01 -1.486815686539262951e-02 1.453806871684753155e+01 -1.347116624100377393e-02 1.104932503000115654e-02 9.998482085279187803e-01 5.342832241126737047e-01
1.204477540784971712e-01 9.926757569726192276e-01 -9.337026094189236278e-03 1.019027262900158703e+01 -9.926387737492874397e-01 1.203125423468504041e-01 -1.389809352208359189e-02 1.457574179011177762e+01 -1.267293916015979106e-02 1.094228828330898184e-02 9.998598216450983456e-01 5.588426523084698561e-01
1.049329201209339146e-01 9.944291715204065518e-01 -9.985244320085309710e-03 1.069659272917227177e+01 -9.944019043029213023e-01 1.047941975537355352e-01 -1.352881657029539851e-02 1.459898271411332082e+01 -1.240705418774906352e-02 1.134896419532433441e-02 9.998586230153118093e-01 5.729998089301203690e-01
8.928056514471460758e-02 9.959502367063787220e-01 -1.058804476513359842e-02 1.118306934873294090e+01 -9.959328215307373666e-01 8.913960004369714252e-02 -1.311284491915778137e-02 1.463885385946690754e+01 -1.211592692552045623e-02 1.171570350247066496e-02 9.998579632158648423e-01 5.805010002020128956e-01
7.582874975953435293e-02 9.970573259512608422e-01 -1.125564199975547658e-02 1.166480526396429873e+01 -9.970483754435973678e-01 7.568230462811964543e-02 -1.291223417768384840e-02 1.463919420990145603e+01 -1.202238475464739026e-02 1.220153814472701645e-02 9.998532816027129178e-01 5.877941194758348198e-01
6.542073775405587988e-02 9.977893955007939297e-01 -1.168115139339962610e-02 1.217914455730352863e+01 -9.977919741469349901e-01 6.527751486663990743e-02 -1.224836237208900419e-02 1.464108590555271761e+01 -1.145876955337923886e-02 1.245665601179051299e-02 9.998567539009407534e-01 6.067112407758603609e-01
5.440909321611364646e-02 9.984434737936734860e-01 -1.225888307399861099e-02 1.269939077666432858e+01 -9.984619839167384603e-01 5.427101688836666327e-02 -1.132799183231851525e-02 1.468878220721622618e+01 -1.064505746582497178e-02 1.285637447822397111e-02 9.998606884895639979e-01 6.190285010415942368e-01
4.367497603238457149e-02 9.989635659242815935e-01 -1.281758262756342408e-02 1.320829870980185561e+01 -9.989962527088428468e-01 4.354144932841441662e-02 -1.051804468859538107e-02 1.470874601230703504e+01 -9.949047304179369985e-03 1.326409236340377572e-02 9.998625307068538248e-01 6.377883921897093966e-01
3.522810509203977425e-02 9.992908763742331946e-01 -1.329379580260995480e-02 1.373875774409890127e+01 -9.993318279290364092e-01 3.509366531251922883e-02 -1.021432048371436092e-02 1.466490654456706721e+01 -9.740549247108435532e-03 1.364474441498162056e-02 9.998594614495651678e-01 6.646867371394004076e-01
2.835783374859879302e-02 9.994987198414584384e-01 -1.407630279487510037e-02 1.430069148058705508e+01 -9.995498536111087073e-01 2.821568585734657297e-02 -1.019633353764321654e-02 1.464256094407991604e+01 -9.794049780257834889e-03 1.435911232930879577e-02 9.998489348306653923e-01 6.763351579070192576e-01
2.152599312178415936e-02 9.996576232496222625e-01 -1.487507643802794474e-02 1.484996546739850309e+01 -9.997180065560283824e-01 2.137330762662104089e-02 -1.034838580353471260e-02 1.463132962676903581e+01 -1.002691317215216940e-02 1.509364104562229900e-02 9.998358080266099845e-01 6.971318693844211767e-01
1.498640340832346762e-02 9.997695758121124543e-01 -1.536889694649871095e-02 1.539964409424280767e+01 -9.998445105669003796e-01 1.484112842053419978e-02 -9.523423567239175380e-03 1.462877644426243862e+01 -9.293137366832836602e-03 1.550922911283211109e-02 9.998365373450835980e-01 7.240228342339424250e-01
1.056283721903084061e-02 9.998187230133015468e-01 -1.584132513194428521e-02 1.591466427055027566e+01 -9.999054972742180691e-01 1.042169881884558169e-02 -8.965752312466877469e-03 1.462797840760542556e+01 -8.799033508487649063e-03 1.593453186576205410e-02 9.998343201268575786e-01 7.436126086750405317e-01
7.541613980152295227e-03 9.998368408466418167e-01 -1.641388876476583894e-02 1.644868486760875825e+01 -9.999366920426182581e-01 7.403257992498857298e-03 -8.473705090635635928e-03 1.463232606639998679e+01 -8.350806274901492743e-03 1.647675504777067548e-02 9.998293757325070752e-01 7.617158830106656175e-01
3.602385114451212011e-03 9.998448735422404976e-01 -1.724098816159847294e-02 1.699908686854706730e+01 -9.999584229044675698e-01 3.457292455343319304e-03 -8.437985025353377661e-03 1.461386050233279477e+01 -8.377068932332008139e-03 1.727066820303789843e-02 9.998157573952930477e-01 7.765089431025220534e-01
-1.045868104432523538e-03 9.998332982205083708e-01 -1.822860195977878822e-02 1.753763824104408897e+01 -9.999605778774366405e-01 -1.206385113277974597e-03 -8.797006648932518408e-03 1.459678451337887850e+01 -8.817530886310093532e-03 1.821868284092956897e-02 9.997951443893946522e-01 7.941868480657943152e-01
-5.725070414811073150e-03 9.997975848140975286e-01 -1.928763771547487710e-02 1.807888739780367970e+01 -9.999435650253697405e-01 -5.896393054493298536e-03 -8.837381586279956930e-03 1.458360224937317184e+01 -8.949320259106382375e-03 1.923595458626571608e-02 9.997749185281931128e-01 8.071711869454486488e-01
-9.788443872902785614e-03 9.997565565519156427e-01 -1.977407388485992457e-02 1.863668378257396796e+01 -9.999152576897166744e-01 -9.955901730662519711e-03 -8.387935385871715666e-03 1.458146133732425831e+01 -8.582762134371587498e-03 1.969029334942106607e-02 9.997692876568866627e-01 8.446596234170374862e-01
-1.395359754636071870e-02 9.996990409763844010e-01 -2.017732852515101080e-02 1.919775985420260156e+01 -9.998687078740855494e-01 -1.411653537187085306e-02 -7.955529102562509947e-03 1.456679878057676802e+01 -8.237968786126603077e-03 2.006367114942814861e-02 9.997647648173476620e-01 8.625402156808714693e-01
-1.794939042400134355e-02 9.996180193834457439e-01 -2.101510664555232902e-02 1.975401649345909050e+01 -9.998053263509253386e-01 -1.811705943355934600e-02 -7.815469135043410717e-03 1.454187186700204393e+01 -8.193215713424607805e-03 2.087073265120431564e-02 9.997486102690391618e-01 8.826962406331637645e-01
-2.119154525803601530e-02 9.995319371023009269e-01 -2.206411389787694272e-02 2.029803934346118410e+01 -9.997365058156796325e-01 -2.138030824816250508e-02 -8.354720741542996654e-03 1.450331793358061283e+01 -8.822547763102418089e-03 2.188125068947001026e-02 9.997216480197037569e-01 8.909835386671145496e-01
-2.342744702513854804e-02 9.994622668827771728e-01 -2.294192240038051001e-02 2.085126419967305722e+01 -9.996883981009710984e-01 -2.361821812552600264e-02 -8.080004634265430113e-03 1.446891081282434044e+01 -8.617507075657344917e-03 2.274547977326104795e-02 9.997041470963723420e-01 9.113237857272170617e-01
-2.564257900435085169e-02 9.993918733080648931e-01 -2.362925533746289275e-02 2.138993989901464232e+01 -9.996360826048957815e-01 -2.583256800072564197e-02 -7.770507372536299834e-03 1.445348296527374465e+01 -8.376186264904689205e-03 2.342140039120807135e-02 9.996905908866854373e-01 9.289409477679047011e-01
